87,63,45,41,37,19,18,88,22,11,97,28,89,53,33,67,34
84,69,45,11,22,37,97,94,17,99,36,35,24,72,15,85,21,26,46
77,32,69,11,94,74,35
46,12,67,26,99,35,13,21,36,71,39,72,74
97,17,99,36,35,71,15,85,13,26,46,49,43
68,22,81,94,18,33,74,11,45,41,24,35,36,71,69,97,84,17,89,37,32,99,19
17,49,39,46,26,16,24,81,74
13,64,88,49,16,21,46,23,12,75,53,85,62,71,77
33,18,41,68,69,45,11,22,37,97,81,17,99,36,24,72,71
49,64,43,75,53,67,34,66,28,77,63,19,18,41,32,89,84
35,24,21,72,49,39,75,46,36,81,74
23,88,77,19,84,11,74
11,84,45,33,66,22,89,41,17,87,88
77,63,33,18,41,32,84,69,45,37,97,81,74,99,36
64,66,28,67,16,91,23,12,75,43,85,53,49,87,13
81,89,17,11,36,99,69,18,22,97,41,84,19,77,87,74,45,94,33,37,32,35,63
97,33,69,32,28,45,11,19,63,84,18,37,81,23,77,22,68,66,67,87,89,88,34
16,64,43,75,91,53,67,34,66,23,28,88,77,63,87,33,19,18,41,32,89,84,69
66,28,88,63,41,32,69,45,22,37,97,81,17
16,91,34,66,23,28,88,77,33,19,32,89,84,68,69
72,43,91,62,46,66,23,67,34,16,75,26,21,13,85,35,24
36,72,71,15,21,16,43,91,67,34,66
23,63,89,37,81
12,91,87,77,33,43,21,88,67,28,23,46,75,34,13
33,18,41,22,37,97,99,35,71
21,64,75,34,23,28,77
19,15,89,45,71,69,22
99,26,12,62,64
37,97,81,94,17,74,99,36,35,15,85,13,26,46,39,12,49,16,64
85,13,21,46,12,49,62,43,75,91,67,23,28,88,77
91,53,66,23,28,88,63,18,89,84,45,11,22
64,91,21,43,53,12,46,72,71,36,99,17,16,39,49,62,24,85,35,74,26,15,13
24,72,71,15,85,13,21,26,46,39,12,49,62,16,64,43,75,91,67,34,66,23,28
84,69,11,97,94,15,46
16,75,67,87,23,89,53,12,64
13,71,81,45,89,68,22,94,11,69,21,99,17,26,84
28,45,97,34,19,77,63
66,11,53,87,68,23,45,69,22,33,28,75,77,89,32,41,84,91,34
23,28,88,77,63,87,19,18,41,32,89,84,68,69,45,11,22,37,81,17,74
37,81,17,74,24,85,46,49,64
67,53,28,64,24,43,15
19,18,41,32,68,45,11,22,37,81,17,99,36,35,24,71,15
68,11,17,36,21
33,18,34,66,23,16,64,39,88,62,53,67,49,28,77,43,19,87,32,75,12
17,15,74,81,68,32,35,36,89,85,37,84,94,71,13,97,22,24,99,21,11
85,21,62,67,34,88,87
62,15,16,21,71,35,72,17,97,24,36,12,49,64,74,13,94
28,87,33,41,84,68,11,74,99
13,26,46,39,12,49,62,16,64,75,91,53,67,34,66,23,28,88,77,87,33
16,64,43,75,91,67,34,66,23,28,88,77,63,87,33,19,18,41,89,84,68
41,32,89,45,11,22,81,94,17,74,99,24,71,85,13
74,99,36,35,24,72,71,85,13,21,39,12,49,62,16,43,75,53,67
91,36,17,62,13,16,39,53,99
66,23,28,88,77,63,87,33,19,18,41,89,45,11,17
66,33,67,91,53,75,68
87,33,19,41,32,89,84,68,45,11,22,37,81,94,17,74,99,36,35,24,72
18,84,22,37,94,34,89,28,33,19,23,11,87,63,41,69,68,81,88,32,97,66,77
15,26,12,13,43,75,62,71,46,85,72,64,16,35,99,81,21,94,39,49,17,36,24
63,18,41,87,19,28,66,39,33,49,64
13,53,39,23,15,16,71,24,72,28,46
39,26,21,12,99,71,15,13,85,37,11,72,46,74,36,94,81,22,49,62,17,35,97
53,34,66,28,88,77,63,87,33,19,18,41,32,89,84,68,69,45,11,22,97
17,74,45,32,35,13,11,37,85,21,94,36,22,99,89
37,18,28,68,94,17,84,81,88,87,77
88,68,63,18,77,84,64,67,41,32,23,91,75,89,87,19,69,45,66,43,33
22,11,45,69,37,41,84,33,67,91,68,89,77,23,28,18,63,88,53,19,66
11,37,85,24,22,69,99,94,46,97,17,15,13,36,35,71,21,39,45
35,17,21,49,15,36,16
35,72,36,85,13,26,22,24,99,71,94,11,81,17,97,45,74,37,69,89,84
84,22,37,97,81,94,17,36,35,72,46
99,36,35,24,72,71,15,85,21,46,39,12,49,62,16,43,91
72,12,35,99,36,53,17
53,67,34,66,23,28,88,63,87,33,19,18,41,89,69,45,22,37,97
71,72,69,36,85,12,94
87,32,63,34,67,39,91,16,66
84,63,87,77,68,32,53,75,34,91,33,19,11,45,69,22,18,88,67,89,23
75,53,67,34,66,23,28,88,63,87,33,18,41,32,84,45,11
74,99,36,24,71,15,85,26,46,39,62,16,43,75,91,53,67
81,36,45,99,84,32,18,35,22,74,97,24,69,63,89,11,87
87,53,18,41,28,33,63,19,16,66,77,64,49,46,62,12,34,91,67,75,39
43,91,53,67,23,87,84,45,11
84,74,94,99,97,72,41,87,32,37,18
89,35,94,17,11,72,87
28,81,68,94,69,17,74,84,37,97,77,23,18,41,32,11,22,89,87,88,63
89,22,97,94,99,72,71,15,85
71,85,13,46,49,16,43,34,66,23,88
28,88,77,63,87,33,19,18,41,32,89,84,68,69,45,11,37,97,81,94,17,74,99
62,43,49,12,35,94,21,24,36,16,75,91,46,85,17
45,22,37,97,81,17,74,99,35,72,85,26,46,39,49
12,49,16,64,43,75,91,53,67,34,66,23,77,63,87,33,18,32,89
15,24,12,94,69,22,74
39,24,62,49,16,36,17,37,85,74,46,26,21,12,71,94,35,13,99,81,22
72,71,85,46,12,49,16,43,75,91,53,67,66,28,88
75,91,53,67,34,66,23,28,63,33,18,68,69,11,22
91,66,23,49,34
41,63,66,77,64,16,49,28,91,75,43,67,88,89,18,84,87,53,34,19,62
24,72,13,12,49,62,75,23,28
74,99,24,15,13,39,12,16,64,43,67
89,32,23,63,11,28,45,41,18,19,22,66,87,91,75
18,74,11,69,35,77,37,36,94,19,81
35,21,26,46,49,64,75,91,53,67,23
11,22,97,81,17,36,72,15,21,26,46,39,12,49,62
19,64,41,69,84,45,77
84,45,37,74,99,36,72,21,46
64,53,49,75,28,84,66
69,11,22,81,74,99,36,24,71,26,46,39,12
32,37,87,69,22,11,97,23,89,19,77,41,66,34,53,88,67
67,34,66,23,77,87,33,19,18,41,32,84,68,69,11,22,81
91,43,66,88,15,72,75,49,53,67,21,62,12,64,46,71,13
37,81,74,24,85,26,46,39,64
74,99,36,46,12,43,91
26,49,62,43,91,53,34,88,77,33,18
62,72,21,53,91,67,85,64,12,46,74,13,71,75,39,24,15,43,16,99,26
88,87,19,18,84,69,81
17,74,35,24,72,71,15,13,26,46,39,12,49,62,16,64,43,75,53
49,62,16,64,43,91,53,67,34,66,23,28,88,77,63,87,33,19,18,41,32,89,84
53,67,34,66,28,88,77,63,87,33,19,18,41,32,89,69,45,11,22,37,97
45,74,24,37,15,35,17,11,13,41,68
62,64,91,12,32,89,16
68,69,11,22,37,97,81,94,99,24,72,71,15,85,13,46,39
63,87,32,84,68,22,37,94,17,74,99
22,37,97,17,36,35,85,13,26,46,16
22,81,26,21,13,15,46,72,11,45,84,37,69
33,19,97,81,18,41,89,23,63,28,67,11,87,22,37,77,66,68,34
43,75,91,67,34,66,23,28,88,77,63,87,33,19,18,32,84,68,69,45,11
69,45,11,22,37,97,81,17,74,99,36,24,72,71,15,85,13,26,46,39,12
49,62,16,64,43,75,53,67,66,23,88,87,33,32,89
64,43,75,91,53,67,34,23,28,88,77,63,87,19,32,89,84,68,45
23,88,63,18,89,84,22,81,94
26,39,49,62,64,43,53,34,23,28,63,87,18
66,23,28,88,77,63,87,33,19,18,41,32,84,68,69,45,11,22,37,97,81,94,17
18,94,89,36,99,35,22,69,77,97,74,63,19
35,24,94,32,15,72,85,11,69,81,97,74,17,36,37,45,22
11,37,94,99,24,15,85,21,26,49,62
66,18,32,75,34,43,23,88,62,63,89,84,33,19,87,53,64
12,49,62,16,64,43,53,67,34,66,23,28,88,77,63,19,18,32,89
19,41,89,84,37,81,74,36,24,71,15
41,37,74,99,36,15,13
17,22,21,46,94,81,74,45,68,99,36,85,69
34,66,33,18,11,97,94
32,84,68,11,22,94,24,71,85
94,17,74,99,36,35,72,71,85,13,21,26,46,39,12,49,62,16,64,43,91
15,85,13,21,26,46,39,12,49,62,16,64,43,75,53,67,34,66,23,28,88,77,63
74,99,35,24,72,71,15,85,13,21,26,39,49,64,75,53,67
97,81,19,77,45,17,36,84,89,69,94,87,22,37,33,41,88
69,45,22,37,97,81,17,74,99,36,35,72,15,85,13,21,26,46,39
67,63,22,28,53,37,34
21,71,26,16,62,35,46,39,17,36,72,43,64,24,49,12,75,13,99,74,15,81,94
39,12,49,62,64,43,91,67,66,23,28,88,63,87,33,19,32
77,88,67,53,12,39,16,75,87,33,62,66,26,13,63,49,91,34,64,21,46
41,11,89,19,69,32,34,53,28,23,67,45,84,18,37,33,91
66,39,49,23,77
45,74,36,89,17
45,11,74,99,24,71,13,12,49
66,23,28,88,77,63,87,33,32,89,68,69,45,11,22,37,97,81,17
19,18,41,32,89,68,11,37,97,81,17,74,99,36,35,24,72,71,15
23,77,91,16,39,63,75,33,64,66,67,32,12
67,34,88,77,63,33,18,41,32,89,84,68,69,45,11,22,37,97,81
97,81,94,17,74,99,36,35,24,72,71,15,85,13,21,46,39,12,49,62,16,64,43
69,68,37,18,77,99,17,97,84,19,63,45,94,35,89,81,32,87,41
75,34,43,62,13,15,16,88,91,67,23,77,26,64,39,46,85,63,21
28,88,33,19,41,89,84,68,69,45,11,22,97
49,62,16,64,75,91,67,34,23,28,63,33,84
19,18,41,32,89,84,68,69,45,11,22,37,97,81,74,36,35,24,72,71,15
11,33,41,99,74,19,71
77,69,45,87,41,53,75,23,64
63,81,77,11,19,41,68,34,28,45,18,94,23
87,11,32,33,63,18,45,22,23,69,34,68,67,19,89,77,28,53,75,66,91
18,41,89,84,37,97,94,17,74,36,35,24,71,15,85
71,21,74,94,64,49,17,91,24
62,16,64,43,53,67,28,77,63,87,33,19,18,41,89,84,68
28,88,77,63,87,33,19,18,41,32,89,84,68,45,11,22,37,97,81,94,17,74,99
21,26,46,39,12,49,16,64,43,75,91,53,67,34,28,88,77,63,87,33,19
43,75,91,23,19,18,41,32,89,84,11
81,22,45,84,89,41,77,35,33
69,45,11,22,37,97,81,94,17,74,99,36,24,72,71,15,85,13,21,26,46,39,12
75,28,66,88,41,23,91,53,18,32,67,19,64,43,34,49,39,87,16,77,33,62,12
88,77,63,19,32,89,84,68,69,45,11,22,37,97,36
64,75,34,66,62,36,21
24,99,26,46,53,75,62,34,13,12,36
21,26,46,39,49,64,43,75,91,67,23,88,77,63,87,33,19
19,18,32,68,11,22,97,74,99,35,72,71,15
32,89,22,97,94,17,74,99,36,24,15
67,34,23,28,88,77,63,87,19,18,41,89,84,68,69,45,11,22,37,97,81
53,49,75,13,46,66,71,26,62,85,67,28,88,43,91,23,77,21,16,15,12